$ANSIBLE_VAULT;1.1;AES256
31613936656237333233653835363263326333666531383838383136366532353038316438333239
3931366137393235643537623435316132323835366365330a653639376532646461373633383337
33383832343738613630326234633737626366623332336163373761626665323462316331316639
3366663862346137380a656337633332353232623930323665353466323566346630326138336364
39663666386165613836666539353761653836323162363362643034636537366437336430323764
33626138303065613533353236616534356566666334633964346563313133613535333430636436
65326234366339623835373464666263653738376261363036643631643136306166313538616530
61633334646337303761633836656138323162633134633366663165643939613138343963653462
66313766353464636232636433333661306136613632636437643065633435383331636334393837
38636530326235663538623733333866656365376161383931393530373466356330396331373461
66646432383761323736613462663063386165353739343464626563323466383163356162373735
38373839613963616262353863323665373938663938336164356466383639653130303434653730
35366665623937616333656436623138356231663233636564643034316432616264386662383539
37306465326565373139653564646437336436333362303033393238656338373630653737386666
35363530646132313362643461363536383564623434653762323337376530353266353766366535
64383634383565623561353964323739396237323062663332313933303862313138313030383930
66613863306663383235383630636235643630356261333932646439313263356361333533346238
64333064373966376666613935383663663434636163643136376336626334386265373336636464
31396564373731386231373264616535626630636131353864306632396564376632636130613531
62653563636565376339363539336334666538366437333563303162373932663639326637353638
30303035303533336330396637316230383138646339623932623162363265626561613766653337
64363032613562316438393832666136356562633865343064653231343131376461636663616433
65313931373734313865363164656334376134353838646131613131616130316533333639366461
37316366633364393436336630656530386664326538373034663665373230336539633032396563
35353061343231353633353638663535353330333039323563316138323536636633396636356239
35343066646632303765323161366338623739663164643735326535306431353738643038353965
38346362396263643831656438386165323664383035633863303437623531646330633263613266
37626163376133343439366638663633323237333930643232333661633231346538313932613136
31303734623761363430316563303763323134363235363330626630633632636562613562646364
62366336333262653263326664316538623533373137373464313561616635353561386337636361
38396466636562323863656639366261633832316566653632623262373666643635303665363235
37613766633665613961316134353363613662633966393331656430393163656136653266346561
32636661376264343061633038666662653137346134393561306539343735663764616361333361
37376664323666613630366330666332633933636261316263663162366166656638333636393265
35343862363565623239346336613530383534336632643736303639636539663031353762616236
65386365386135336461646132656132656565313561343838393662353337306438363134386664
39363039346536366535623737313237306437363331366638653639353664633633623766613238
64656434356666316130383137626664346265616466306135656161396262396633363764623232
31396366373566356636636662393865333261343164356232356565386238626437626662393037
61343966653365336561666531356232643833343166623131373135343637646564346632343135
31313236643837313862636334373735353238303965663039633139323662663331663362326663
64633532353264313036643963303432343334643437313533626432323233396335383631636465
30363030613262393036623034333061313136323537636162386533643932663432653130346466
35343634343036376361386561323337343263623633643738393431396330383033633165613838
61383061386332363263306135343561373536313566383535623539343030363365663132626139
38353966623863333766376466363562316230646262633234303236633038663764323430613039
39356638386630393239623534656333386331366664663931343362343334306265653335623037
36303036316432663065633961386236303332313861643862363833636334616365356366646262
63653834636562626432626632666230373636303632333037343337663861666137333933353166
30613733306364646638343535376264383663633263326661633633373264643435616533396161
30366161663761373231363438663939353235663564326230393137653633666336343237663864
62666630313439613834393232353339636661643437316165386631336531323838323365383562
66656233343336343339353839336665343066346331633032333531376465333664343033373036
65363433353334656332376363633065646432363438663264343061333639316534616334303935
66393561376638383335313366646334373763366638376162646135623239383261633736396434
63313235386366626431333630363562373361306130376133316238316238396163623038653465
31383061316465623961396662303965393737346161366337373532386635363937633237373733
31323561653537373238623835376630353362393462313137383539633431353931616336616332
65396534623663383234656639313361313339613562643635383262623433386262653436616435
37616161643565386434373131343264616530393364346430613364613634396436626363373063
32646137633166396434333738343635313531353533653134646636643036653261363333653430
38323436663262636662323163356661396133333137326635626631636364393038613966333234
34383962626363636338663333643936393064393233373031633763643539306338656562353136
39386562336538613937396538303336303961396531643035373032633430636639396364663932
63323165383639303931613337623231323833653566633639346534663232333734353365653737
31656661376430333432653132353233376165323232363939613965653837666339326364396538
63636235383762323539623565626232616630633430616339363331346632636231306561366163
39663732323437656131633932646663633663666265636239626265323561383865386264343038
38613738306439316136386637326365333664323832653338343731316463356530376364383435
34613465643230646661356535613135646239303134623836393839303439623532613764313663
32643761656334623666333366313539376538643134373530336265323635376230393737373934
33616264623837366337386637366462613765383537636232303839386664373064306638333933
30613766316636653835313231666162373466346661373636396134643436376363376539313037
65653334376330316439356330636131306430343639363961386262626331663838626634663864
39623865323235623639383439623561653334383764383935343634343032656634376535636339
38363264613034623737363239373837373435613231333238643132363366643565326162326331
34333730633663366135353237393633643266376263313035386264633837613462363137613363
31626237626537616336396565336561646530656563613338393138386230376166653931626530
34646466373835363266313830376238376438303562616162386165333261376462653135303162
38343231383763353664633630376532633235396536353031626534343933316436393462643536
32363732323061373766333165326133636435363163393539376234646339366566323932316133
32333036303939663635343635623834633362633663386534373431383133316639363262353333
65633261383765393734616434356232386539386263386634303266643738376463316661303761
64653363333633383065663630313265386565623633623133323232633239373961666231343536
61306536306161393438336534363533353062323562373865313865656135363737396234656131
32373039636630363138323833363961313935373564626239643862373663353634626338383230
31353434643961323337306136656339323432373961313737643838303237663038353030636262
35376138626166663232
