$ANSIBLE_VAULT;1.1;AES256
38313530633931393166343931323264623537366436353038303836643630643966303332373632
3932643436356637646231376337313939323836666364660a616536306235396662373139343165
35323065373931383634343731366537363338373630383232356636646633313330376138656538
6261356238663935360a616136393139346564343831633830666463336130396433396637643466
36633734616331303738326665313337363762633366633335373838353666316138613934303865
30353639313233383263636665633135313866333435323838336333306365653733323864396465
30313664653263653833353936313133336564363838663963656565666365366437633962383361
66306533376134306436376431306266376363363035653134666533353364386361323635333066
30623239653764656639633061303263353437386336366136653238386232373763666365663238
30633539313432396537656461383539323539616562313732613534303363633363633030393964
35666438613561313964363962313662346464343435333661303564373135373866643038336536
36653433336165386536353731386436613766393431623063353437313131316564376137363338
38323634373863323666383332373830326535396237353865336533343136376164613432313031
36353535626632636561326139366666623165356636623264303739626165633763353261653436
31623031326231373565393839623366383532336130626233383736616130386336363031333636
34363932323336323739623663653138346436663531316433626638616662363336323265323365
38643862333834653738366466303334616331383137376334663039666234346637636633633335
30663565356364313339363866633462383962626366633136613433366661386264363230656339
34353237316166333535376536353739313230376438386332393034643061386263323039373735
64383839383938383566623232323934643130333461316330353134633136626565373438353433
34316361623762663731323062353637366635313864373030653461323065663337656262653361
62363266626233366538373232346232343932353766346663383539393261366331633832336639
35313331373566613732376662383864353963666237633466303465613036636431633537396337
39653232653530373363656530656433396163343930656463383264306264336463656164363130
35393733376637633961333765633032663463663063653366343362663930616562
