$ANSIBLE_VAULT;1.1;AES256
63653835643436653339653534356232306234323062383834366131363230356164333434626364
3131343630396230666164346439363964363464613832300a306564613230643438646166383130
65643331653765653665356363303330663961613363386230663539313637313866646361306236
3364663138366639370a323961316430643930636337373737333465353761646635373839653034
61353636343265366336636435313732303462363836346532636434666663366533663635633833
38623331313137643130623132353134346234366437663633663933633234646438646164623562
61616438306366663131346536323337356562373334366431303036636136356334383266656265
30353038623338326262343233656439303237663861316633363361623635333534663937393235
61303861643863303533346566343337353137303463636463313661653361623337336461373638
31386634646364613661346637336162626231356562303230353132346135623333383232663262
31393139343636653065633235353035363637356531303838353662333838616136356430376531
39626234316561323232366161343432646432623863363034333237386536323233353034376234
64616436336237313965346539366661643138323939643438646462663135353737316535323763
62386631623238373438303566623665656237613937336134306330613835343065363264313663
35336261666636623034663836393836383739353633366466363561653634636333623734356464
62623063323039373635313236373464336138333362633336383539353031666232383635363438
62663563303130373037626163353163663437383139336363393830363535303066616436333866
36333865396337653663633266343637323163663835656631623663313134626462306361346535
35346339363861636232613337373437343135633639313233313734613464343263623139333434
34376633316164343261386565323366626662393235623330313132396133326539663334316637
61623264396537613066353831386264366632303131353834303361393061366662303232396163
33346566623537383661313532316536613638313735376562663235373866613731616633613765
33306261383734333539353065316230346232346437613537636534343564353265313430313835
61326666626432383837633163333136613837393336626632646363316634653761323438626430
36383562633765396363343162383237386365383964393132613938316138633537383030623638
65653231663361316138653964396664623736636339636236363937346233313432363734333165
33383661623562393232613630393662363238373134363931636338376631306364666566353238
62653365333134323336643564633864663865643231633461306436663739623666326236633464
31313833643864626532326364323961386436313832373161653965653964383630373133643061
63313663356630666237363933303138363961356638623465303565623133326530356433353639
38343966633464656163396261396363376438383839386534363363303330373862316366336231
35303332313234656531373734393233636261313831643230343265393362663963326364343664
34386563626463366463613133343638353233376138626338323039336165373335656364666339
31623436353939656431656363646636663432646336663730656635653936613939306561376632
32353433396263333861653166346639366531626561396663636536626136353163643538653335
32356661656337653761393532613465363635336639313166316238343561656231316434356463
32393132356232616233383236316130623234336239633337343665383432633361323465656232
34663836366666353533646133386164336233333363363434303364366263653431396230643865
64313264613136343538306336303735666434653837323766623533343039623037666461633662
65663635636430623930376463646161663130393638326236646661363232316666306566376533
39613965386430346563343465616231343230363035616165356232343930346638616338306538
61396131333934633235626563396338336135643261323137336439366435366438666166616563
66636666323365346231353466623838336361613139656536306336366635323064383864306263
31643164613366323737326230366238373863613636616638656261343237633737363330346466
30396531633762363139313664646532623139626435353034623665363335323537636639346463
31313931643936643838633863326465386461636138323064343838666461343435393134393364
66333636376231333364333061373132653138346332626230386131353230326466653063303737
66636534373265346139623562376362363734623438336361386435356162396135363932343835
61386136303566343533333034626138373139613631316164323162653535323435646164383064
30393535313163613065636632306336613138346664343862623639643831663234636537346139
64373639626434363961373938656230363431353563623764393232663333363935646437623432
63653264623563393134353165633666343238626233626131623437393831333336316566643034
65636664333730363165626464353163653465613336346435383463316336616430626166646231
61333234633934613666666630316136373133633839613965383435323236363030363062646337
34653636343231626335366535353964356461613131303366623233353931613432323234646135
61393564643530613338323631373537383866353164656134633235326432636565613964313966
32663865613462353063623836353536626636643434326537353239626262663032333335343536
65663939383065646438613837646233363233313034623963626435643166353430336637353630
61316530626231396137316364306637356337386461323135373063373633393131383030643862
30386562656234303062326439623363373238343730313064313665343766623764613534343364
61643365383335373463316138623265303936646633333764356136396536663930613937383165
63373062653464343964623233613838656166666337353531643831646430323566653264383962
34323536303263313263303639396530363163656532626633343730343635383234343061383666
30623263373462303864333039393039346264633432383837376161346436363230313730336566
39303666363361333936323963306266613933666132343435653865343932656361303661636466
36626135633766396135663966656165313464373538333439303235373061336539343363656232
35623139663435326237313535623133353738393865396534316332343062343031663334313765
34656438333734636430366232336536306561313538633063323064336537366334653362653664
63306338393963373332336332656134363531383333663837303461653837353966333537373162
63643334356230346130303166336634613262383334336436616336343964346436303962636330
32653430303332396136626633653463653537646432643264393837636639646364316136303665
38636539333863663861343832323562646239353839366230653736373962363631633163386461
64363465383534663234336639303465386166303533383030653538323563346362366361613238
62653335643363396533663762353466383031323632626564333132306133383433393965643465
62613936636138656335323535356236633431393138313634663930323436663139343134623235
37386162343232323437393264333066616436366131386631313532613931303566636161323965
63396437636536353531653663393633386666653431653731626238343864333635643265646231
66316136366662353838356163396564376663346330626235653039663164393865333831316437
65633865646435373836653263626333373161663438363332353632663833653433663364626237
39343864353935663563653365343837643538313334366237346262343661623133343233313661
66353236663463323861666238356565643665633230316666363338666162313063646231626538
32323133356365306537366466616535313530323063623431393738323936353931643138653663
35646264633935396466363939373235383230383738386332326438396436643435336336646131
37666137383233383766613839653931336361616366623136663962343762363464323364333037
63346635656637326663396363353733323463626337623638643063366535356665353833383364
36626563303637356135356264343737656534333561356638623765306165623033626235613438
38613634333033336466373036373937323837393863376664626363333537346436616131393638
37386434373465643935646137613131336434663837393239376634383764346637366363373639
34303338336632346330303866346266616666616161636266303233363039376465396431383133
32376631326438666634333837643834383636333362346266396164393733303766316337396638
38656164333532396638376565336461613635313733363362326636633832323837623432303861
66636232646462663037373836383038646165313763333966363232653739323636663136326637
32616165353564626163663639353965343162623233376161643639343063623038633338633662
39643339333338643162306361366434343537303037363061656262653461353233623461383735
63353266373065613832303262393763643638663531653432313232626234376534393961623431
38666331653131363337613062363866396664313064643732626364383565306336373662643731
64626334333862336162356336373963386466336134643139376336343861343861356538636165
32613238616431363764616664346336663030376639643432633265343539653636306332336531
31336133393130313639336431666232336566303534663566636439336137663339333262363463
62363031613734646433666538313364366165393065356636373833643332363430666634616361
64613664356161393663643136656136656261643162633731653731323238653430363532633039
33353332383331346136343564636662656632353238353938333931613161376537353732653137
39396538376664653836623539336239303664333462333837396362383032396133303436616564
61646631653463366538656235373762653735333263306361643038633532373536313764373565
31333238653037393033386531313238666230643339313361306632663036383465306432643338
37323637336430373963373366316430383333313365626434323031376136613734353861373337
36343536343263356264343432373338396430373466386531336631376466323637313831303332
33643538323138313931313562376463366238303739623838633264636264346334666263646534
31336137303434383839303764383465613834646235666439353764393236393636323932366534
62363339396138396465666531383638303031646632393933663633623062633765333931386432
66323566383431323737643938316562643633633063363662623031343738383337393439333862
66663064633966383131663435363238343861636132653834616536366435343735303839363764
65656437636461313333613262393031393161323932323332346261393732346137363766343637
61353332666231333363323932643664353166643237383634326435613264313739393633316464
65363666653038663966613361333734346639396566663862396533333938623262303833323462
66316362656562303531636633636439326134343164343838383363636662376436663963373564
62336462653430376466656462613130333831376438613635396466303437343839353939313237
63343130383730383231396334646464386632343861383964393765353730663763643637346538
38343931326363383230643737336333633139333732613234336365636262363931393834366533
32336430303432346536323833656532396666326334646634363332626139363962613132656166
36346265613730323334393962616664346532353261326164626135663734343564626230363034
61636631663265343337666531613238346336396564306165346232383866656361616237656139
35323866326332343937306239653337313463323764326164303865353236353862663839373338
65323339616337303366326363616331613439626166633937653465373137626336656633613331
66663465383832303461343433376665393764303461613831613934396530363034396433656234
64366234343031323835353461643635613433613039356365643336646564363665343231383233
39346235313734393861363532663063626637363262346138343531626634323131646135363038
66633136363439313237356662323037343763666634613062303436336666623436393236373834
35396130366331393062623530303939376566393030616263663139366464653030396262613462
31613433356663636231366566396235666564383266373839616461386433353737386332646163
38376635346332316466643935386338346437636235346431646630643164623432616337643831
34313664303966626537633438633838366365373830656638333365663464316332326134666633
38646166613161343730326435366265366563393761373535633833383664643835343636336666
33306631633630306435643064336534633164326264663734393566326536383863666333313365
33663662636237626633313838326532313035353931333731613465306137663433626339383632
63313035613939653964613065323035366665386264383866663234613638363832363734656165
39393438383435386366646164343630633332656631383331396533353632323063333032366463
65343432626434323161653338663861636261643038666361656432646366316638356534623230
66386136373433356661373731393061653262613865363738666630633337356139346461633065
35393266356265623136333438306461386235336232643363646163333732616564633464373633
62373965643566616230656661346130666234386662653231353433616135386437356635306631
34663531613165363935313265313434303833623630646138303261343238656534613734643739
33623530643135623161373933323833646462313164643039653033646630313163613964333831
62343638343266616531393434366462386437666130616362646365373536373965346239616633
62636530643962623638333336323034633865313537373865376635343963336231343032653261
36316435393038346636353439383835383761666366333031316334616234373236633166633465
36313730386364353931363239666430643436623739313862646164353431373634306435356138
38363833353133613932303933653462313361656332633034616565313431393861303736663561
39623735306131346434633162386236643831613834643765396562333036636539646363663835
37333736393537363865373333313932663432336639663164333932323737373531366138323562
63646630383461653237643362303532323735623937383561356331666661643364666134633661
61646466333361353236356131653932353664303365366434626539333439366634346633333438
39393661643936363235353365316334626431316331313765336366623736313864393161666330
34353636646233366262613234653936613231633232353330366334396430336365356263383866
64393462633331343931386162356334353335363334633538333061396233386233316531313636
62383064336438646434653430306639346461643739636238393466373366373766303239633161
65666261383364366336333833663332636666643765353730356137666166623339623735633561
63666564366439336532633864383936623536363965663962316538363961316439623961653138
63663439653166353733643538313064306638353266353565326538393266373661396336396465
32346536613436306331373835373738373130623832626163633535626336643636343864306566
34386166373838346566643131656433306133626665353032633635303837346137353034343239
62633033653531376437626235386430666663633134323633613162663434326439393432336565
33653861376135636437616362363636333762306332633834363039633531323235613734623530
36633466383064346233626436353564366535653165386466666331643038383731313266303433
65613664653031303234663139656637353066663632623236386666643631393733643761636339
62623038333330656461323437313233363232356261663439623063386533353561336133613538
36363464363664343064353536353236666162373731333735643162663630376235323362316263
64343934356535346431663061643432636533333830376638346136363135653039613061626566
63336231636430633065363362646538346231356236666163623835623264313231613136363036
36336139626461366439373234616637616263616166346132343961316536303632613830623433
37323664356631376634616133336335353239343633336163353864653762323066323963376338
61616530633935316666336664323638663132373434666433323838373130363032393064313032
65633831386538653931616265383961386632663138343031366237346562303536
