$ANSIBLE_VAULT;1.1;AES256
62323765336638633361343835343961366334613537336163623132323864313932363438306131
3030633231613130343131323538356234633763333366370a343032613039333534306135326436
63633530613437633235316165383038343465323839386232653837343638653536623332383066
3965653838636661320a626665616165326334653666383536313831343864393733623739343763
65643739373138626266373265323561666538646437333533366231636665303338663832373166
36373533363137623765653265316133316566336430653966623834613666643962383635396162
33303836363261363432313161366432373566313234386663356438633763626138393632333035
65326463356631336336616530346662313665326361653465613261383636663934326539343863
33343030346431393932376162373163656564386433323362363530663831393561383136303963
61636163303562633239613163343534646563616234316530646233656164306432643532366437
62373530306136333564376334316461323432366638653635366537366537646663653465323532
62613038343763373661623230626132666332623334623632353632636433303038663336663230
37626564323165643437666234313430393161626235646565653033623464313265653833633536
31643930656633346432633261643837366633333731356630643435663530396437346231356164
39366165313839643763356662386530643335346439393264656363376361646564316663386633
63353236613033306664316237616362636236663133626366663761306132363066666566663839
32633638643130303033306661616264316130653130306134613361313264613765333065366366
39623339313862363263633333376265336662663662623363353066616464373663323432653734
38636365396137393561646363663464353862366365383666663439313962363332326336393434
34386233373861313138313132366163623365373830396434303433646261363833633631663431
65303565626434383930663163316230313166353535393565326163653461363162353231613962
64623661333962656232383237333836336562353261363430356461633962653935303635326434
39303231356265663137326139616138616564343436303761663036356566646163346262353661
65363165316132363064633134666365643038623431393731323637326165336264633864346336
34366666396536343332623663343063343535366531663964356366633232613037636462653564
61366664643932616334643264653535393538366131613761363836386432366636316262393466
37363834636437333565613336396336363731623263643035323837303661333134613932663836
33333132313333356261366639616539656664346263303436353564653836636532303463333865
63393735356363326538373063623232663962366163653434313132353436303064323531376165
33393564373830353765316662666639363663623862666237383335313930633339373336396437
34313862363430333661326139363361626330353462396635353739643039646330663663363532
66326636643032316231346632313435623739343162336362653239613766623861623030313938
63356131653536376163356238363137363635336333356563643163386563316235356564643366
64623339623561373938646431323038343666623838653232306432326130363135613164633538
37663465383836303337663161663532653764616536333436666231666664383764326261333338
30643766663734376465623364323462306364333339383132666136306636366163643761333463
31666639333238633566326266376634323439633437623266623534623036336566363233656463
31623337376639643464393233386137363235393234393834306464316263646637333135303566
61303438343466316537306536643163363736663266643034656331303834666135633734333733
34626638303466373365343565656533383337373262613936663634633863663838316166343663
38323639616633353433323135393235663938363331343239346363393137353337393663316636
64636362666566656363303130656336633138663463316332626266616538313737356338373965
30323061383464623730306166376633656432646639623731616465663032636639646437653363
31373735643565386463333534656562353662363036643762336161643832373534616161366166
39376230323839623532396433313435653834623361336663346362353238666566353966386136
34343934613730663935376266646436643465323035396333636639343065326230656662323131
38326632323635343261346164363434663832653038643530346234386633353661656465616438
34636137643732346639396532343839306437373165363434393033386533653433386162663033
38653033636639353038626135313130333361663163653663303632626565626432303736666135
64343535373562646461366562623964376433393139383163613662356166653736353365336235
66383038643232363463333535343962353037366566656361636263333331623662373937313537
38396237393733353534313339336232343063366363333439393664336637303433363731376134
31663331373865623333386333356639353531643663626431343662636136316635303837623435
38333862383636383234653334656561373034333839343764323637653135343462643230663139
62663039666432653639653061383238393335356137626336633939373731323930663632666636
36616237346330613136366332383236396239323734366536303736653665613866336634633862
63383633376337316530333934623464306164376436316532326639353264346662623765343538
65633036616266346563636132343836386461383734353734643561323738396366306662366538
61363132393434356664313531326664343563353863353261623836623037396566363766393939
37313465656436333338643635666334616334616131366638636262396636626538323764326436
32613364336235623731623964343438366338613531663638323334366430613461663535316362
39373238316661393435616461393630633363303137373962313930373562393464653563333865
39643863643236343462336433653233393432383130306266656562643365613764616331386162
33333565656565396534303936653166373433366236326332663631646338336332623663616232
63333439613432333039306431363961633762336438326139613430383263663066626235623766
63346536373639313938656163353836646531353836303162633239343762343034316132376165
33366132313662383232666330313963663864623761376539383631306438666533386234613331
30663833633731313436656332343835656330613162343739393061656538333061363531613962
31376533636432626336323330313630356461306438616431613130323738356339616639366639
61346437626363666138663464306438303830353164653563346333313263633764633461313630
36303436333130383333323338616435656538623863383566663230626632663965323237313931
36643031373331373966323638303139376233313130303432373730643434643639393666333930
34386139386163633764343735356336303033656635653930336166633166343465626562636462
39343639613931393731633865613563623963613535653935623331643738366132386265303130
61366234393530353434613462366131303066303437616133326631626430616234326561386265
31616532623639653234316436313734303730326235363333633035373330303032663936356632
35336265356339373765313730316138393565653135343365316533616463393065343464616339
32633732653734613333396231366565623030313831376234653931303139346163626666616634
63643165336131323361633830366138376136626263303734326630633734643931343662353734
30313833633835626438646530363465303936626336613064656234393862303834333739636666
33366432623337613037326335333130363962666134643262326134396263343963343166623065
65323131663365656638626264666334393864326664393335343537306339393236306166336363
31666339633666343065613661363134306237623535343233333132343266376639623135326265
39636161383335303038366365663432366337393037326434356133383239386532343065623435
36353435646565633861306331623034306665343435326333363639363466383334366237663334
63653762373335666466653532656165343638623733376635653138396561623062666665316137
30323166393838616537653433356331353638333438626137326166316439383037653133393835
65393465663831353030656563636263313834633066663130333063323333656362336133373336
37316632646463353361396363666165643236663465316631313531313235346534656338623966
35376166393931323832346236393239333230343563316139613933393032356364316465313562
39616134336462663661343464363731323363613434623735343434393561323234646438356230
64303363613638326166626334613138326333313538633931333432623162353032326430313438
35356239653665396330346232623830373039353738376438663265316438333132333236333535
36633738366161313865656135356363633062663930396637373661666262326266396631623038
31326362333161653731363137313633326564663737383632373230666332653635353164666636
39616431383336383265316637373230343930393366393637356632363662326532653531666139
38373265323831636536396134346566393735623765363262336238623137346461613538343363
62656534306139653833376131353263633933363864356562383262626332363334333032313638
65373065663135306334613361383066643738656337383634396332646432643630636538663863
34353561343838646435323732396662646366303631353032366361323430623364616239313164
32613865323064373462353833623666366664343565313764343136343836656131393635623334
33366465643433386338383766353965366234656234633330303861613638396330646133386237
65333030386162356536376134623638386264356135303436643035663766386439386133393333
65303963653432636536396161666433336331616562306239656663346533363866626235653961
39383039363464613566326133333061326335653033383637626138353233366463343833646134
64356632646139326464306632623137323830346662393831626465316634316432363764633239
30356539363566643262666139343833353833613639633038303534663936626533333861306564
33643765643035613865643339366539306433323136663534303238323538346566343562383138
37333931323938333934653064303934613764373865353131663635396538373238396263383166
64666234646164343538336166626333323763383630353234313663363939383963306433386264
65376564326663323639336432353634326264663634373636383636373330313564353536363835
37653532313865383632313161383862616263316662316666383930653863303963633737303765
65303463616333396639396638643261323132373563383863396665306634396462656537343461
62386634616531306536393261343961393638616565323561323963613438323439393365343762
33373233363166363534383463323337313263383131363066386433653737396431626330643064
65666332646664376566666331663034653737653130666662356335366131316561666231343765
31653835326330333032383931653534643230623830643665636663313935633939666536623235
38653464323066656633383639323831393765383036333232353833343561313064356538313761
63623561323266356663386434326464353730653934363265633434316535616339646135626533
36396638396364393064613632313133373836626661633130373665393765383136643731393231
31626263656236643233623530353533646231636335343539303436663138373233363638643632
39353464643436363362333363343338353634393735373537303766376562303163366430333462
63393936333335626464383236326134643732303738346334393533326164653139343761373765
64383431616430343863613036616266663465313133303535326662316466613131316232306631
62313836306239663861323365633136616161636436303262343639346235326331643434303731
30313466326565333465323537373835363138353331643637363234323434313536626631316239
30303231303463616632616561313162343364376566383232323933303738306164653464346135
30303339376263663936343637333132303534336537396433303532336363333532376236616430
32343732666465323432626463396363613034326435613861663435326462616232643631633138
61613533386464333765616266333334626337623831366235303937636438366434393433363865
62366562326661363739666333333230613262363638333036653961386562373838306165346463
34363139636366626538323065363836363535326137626630363338353763343863303632616662
65303863303132383762373865313331643163346538636636653132616232336264653636616232
65373463656537323764613333306334623832346162613466343464333431373833613966633231
623231356666303966313431386264306638
