$ANSIBLE_VAULT;1.1;AES256
36663230316430363632366138653561376334363932383731343131333339613136646463666335
6164363332653261623931653330336532333232646433300a353862343731393833626264383163
32366465646662383763666239333735346634366563363338343538663562616334313330646438
3232626463303863320a326130613362306237323939313635636539356530666138366165656237
30366237626666396263386364313161623736336263363864303734616333666631306465326264
64653063353062363461313739313661383332633736306464303031393963393733633336643932
31653236626661373763366233623937646332613133646238336566376531643032613937663730
31346437633130323634303162396161613635646634366631336534636437386364393763366531
63383837633962393531363464383466353733343561663563663335363134303166373834366137
32653539343239303662333365623862646134633934666364633536363333343461666361333134
63343966323966613830353537643232643932316666353631313230653433623565663432353935
32383637353462326465643139396266666534373033633262303133373663313039323865313539
32383164376266373464336238343133336137643039333031653061383434646663306463633865
66613564336165616338373565303331663839393230356661373963343236376162383061343361
36646662323531316337613332346336653933353330376532336639613032636165623135666466
38303030663132323336616330373064623931643039636433303361623030646666346533373465
32303231323662633430616366366564333337613164646238373230323363323033653238636338
62363239623161316237636664356631373731663737643036353135613762323562646637643830
37393131383338386534633931646134313861393766623435363362306131363163643231646237
32376333656662376332356134613566656636626331623139353139633065366163623534626134
66613032323232353333336538393163383930343162386233313939616630343031383630653936
63363738396561343435643934666230343032326535326431313766303064376634663239353437
62313333656534393435663866353363333861653934366232323636313739396238373161366564
62303932386664303734383830656335633338643637653232383235376666643233643764333634
35363635656435353638393738626135336363663539643662336364323266633166386435383836
63656263386634393130643539616363373762343630663434353831333636336630656162666466
35383431383265623936373666376164313037653435313939626163653830653738323466313763
65356136633830653062376531303435653735366236643431393230313632346334613365353332
64333839663532653463656462343237613031626566613830663031316238333430623563336265
31386233373463613936363362613532376238303566653833626565393132643932323461306332
34336436386235633330356436626638666137326366316437623662373232363336353832363563
33383064333633333433656335643964633065383030363863623739306138656262633461333662
63663634643138363439613863613262393430396263326632393736656337636539656361376166
36326364303334633334613463363634326637343066373439303764626265396533333533643536
37613439346132383135376135306336303730306538313061363061343331323737376432666261
64333535353734656532383865346134623530633130303736386132363338346137313335356636
63643264353739643730386138353361336433393438653631326465393539316534343137303366
61353537343066316639633861323631393539373066613931633439626234386136626235396430
34653936353764383234626436383666363538643562323530623234616232643131343538323436
37303337663933666631663863623638653864646663383062356466326238316130323934663362
64373339613864346166366631363361373738343233343438393137653264376664393238653134
62323932303831303036316136393864326639333236653735336635333038366631353932636537
33343534303166343165613132396538303165343363613234393136323165323133346666386639
30616637336166643634303635376464383837626265623063613166626664306630376437623630
33366336396534346665623864613665623332366135663936373234343963353963373631383063
32663061313833663863323636393066613530323761353836313333353431336261616436616331
61656433376237393930663261353261656263333061306133313961356434336564613565376234
63363063303139663334393865616432646234343833346663306262303536313665653939663865
32346534656333333762383865366637343662333533343433323765313134373566366365353762
32326663623339346536383738626463323861366635646563643531343633376562333062613030
66646333653364396637663265326264333138396538656537366466613031616536646430303233
35666635393433613434396336313039343165643432386266633333323538613334636166356264
34613139303035353461333432353438626139613139616137383035346665353561356161633165
31666665363332363861323235313461626136343330663666653037616638616364636637363339
65326334353337303061363830663032323534666138343538386137333466303130313832366661
62626233616333326466333163326265626463613638333830643031326335653363323864316534
30303061366664393634336637363136333930396530323662316233653664613739636333656161
61623463633135333364363763303463613735643963333064613434313761383636393532336233
36393034383235333438656566363333333466383131386531623965336139653834613839663065
33383137396362396265343266636132363566633330656235366639373732326339643364383964
37343262326530353539336235623137336233616164646135643036636664303465363663623834
32356566616238336163316533393665303138316230663266623061316136373530353339333363
30313732376565363438313039653361383930373930626631323161383938303838393664613533
63303635306662363838363433336231333664663161653135663365373062366531663639383633
33643837666662613663623361303936646336306234646462376238356365396337353665323235
30343365383839393537616536653830333731333835346338393638396235626130656263663166
63373361373037353933356265336334313538383461633039383536323530336431656564613633
63333161383762363564373263396337623437313739393361376130326461316239373761333035
38666638633532303661303361346535646530653834663235656136353931386335663238653731
30326161393062643833363332323363353032656165636437646463346236666439633133656664
34393032383731313635323037643532633265323233376236633135343965616334353739323637
36366239326465306334343932613635386537323766643336363664373739613536383866643238
65636634353861313661633133373532636533633238366234643338316134643639383839373732
36376530616537326436383235356366653032346363376465646635613031326664346465383462
62376362623733626336646364616339633434643239363835636232393965373032353931623164
61316361303736373764336134326336363162623338666233333031363035303566303739656661
39373331626564373564353631646437643864396231353432386262393638396232333464376531
61353766346433623839373036316339353565333331656331343165623263613832306433333735
30663138343366616461656565393939616463633963363631633535646639633730363062366164
37653734663962643939343461313266633939623731636538333964346665383639623966373136
36376135386333663766396665636435393536626265663662613464333264633563643732343636
34653236643031326433326263323632313139333835633637373164643464613539656237656433
37663134383337373361396465303635616235663337373466663037386264666666613539353838
62633436313836346366343130643035303332626361373563313830376330313436326662316465
65326562383665343233393766653336383437356664306630616437323236346530663535306534
61376165613330306333333732346565646363666631333433663235663662333161396261333839
64363962343262653037656163306633623233323231333662616538633438363865656638633766
37386432656466343734353064333763353561366439373566383064613464333361643135653531
31373861626432373037616462656137666431373133346463356337363463353332323233376532
37653263343466383232633938343865336238356361653836373935376231393336313263626432
33653363663564383931333133393434643337666231366134306566306138363330323535303362
66303363363465643236303135373162393137353839626532636366303237393961616465353461
33626130303938393233366432376330386364373535326239623534373635656539623065623862
32346235643630663638323539636131643138666636373532643338333734303632366565303666
66666564646464653433333530306463303036356339313139613634393330306662346332643438
33376238316139393932
