$ANSIBLE_VAULT;1.1;AES256
63623732363638353166303865333864386437656163343030353636653435323334353132336438
3266306230396535373665313338643337356162366464310a366530623531373231313231316438
61663766393239616464306239343935663030366632383766613665303335633739663530323861
3263326463663138340a383031316365613539373336326438333666363361326363626132396635
65633236643934386335623563353535306130633063653963373763363866396436303335303766
39386331633138383638326261393933306661363964373662613338623563353739316132363533
61613731313937396363653465613636306635363136666263333438386263323231333166363166
35313531366464343036656630333865343266343334636630303333333736373737326235373265
33643630613730326435623864343138346530383333666136376434363133383466333735623435
35626431613339383932353835366134633165653038373833643233366636373262383339613035
34623739373562316535306136366433646262386136616531656435306137386264373439323333
37346538343837626332656434366431323363353136386438326566643663353963323861376465
65656336383133306463363830376533656463386664346461623036613633373530636237393632
66326433343337646334366637383165663230343861663162623864353431333339653261646362
30383539323639363630663963613562656361366135396233633930333738616330663034393435
33613431656238346335623438326239383665363166396166396432303034366434303065363739
65623662316632373730656633313731643531396164636563663266396638623765616266653933
39363636636661336231333563336136373066366362343865653639373363343661643436316539
65383939616434313163393866343461316236393835396566326331653866313538663931363265
61373230373237616333383132663562653036613165386139353566623664353061643538623930
36666131663466616330373861373163383638326338666661656263366338393036313562633364
31343562313531666234643531343739653332383838303366306638633665363038383636303664
34646130613835643461316439663038326332626262616461363737623139633866393361616561
32303961623031343862656233323763386164623338616130326562623638656562333164393133
32616131333265653862613030356163386130613834376536366537373331353439386437376264
32616333336337303530396239373534653536396139663635643134386431303231376537636638
65626337353563323633383636356237613539643130346331393964666561326636613864303064
64623038386234313831303936316539633864613530393931633135653434653464656636336135
65383038323531613439336565626537376430636563343933303430376433326436613136633234
66363061633137306366363763663935313334303865346637613035373930353461396162643662
39383230343230386130333831363761663235653339303965356366313464373436663839346530
61363963626232666432363536373364663830636238336562613539366131633961343531393666
30313562316364323339353534383065636565626337376230346463323635396539376639376235
33613633373834383332376663366230646563366333633562313861623661626436356631613436
38653565323932323537303436613065353934663466323662316136393861303939306536346634
39343864306638373932616430316334616534643037616231663534633566366136613663653636
62343866313837626136326661636166383163386338333639656336313135376233313330353263
30383635636534366261393566306534353765336337383065636163376630353439383336353132
38373333363938666663616363636130646431663338353361353737343534343862333037633739
34346233393538613163623835656336623763633530373764363032613838616166383834323231
38663134373135313061643534653464633634383265326332336632616434333136323037373566
63313130323835646362643630366266383538653532626632613333383732626235663734653663
37383633303864663235633339346661303163373533346233396264336633306466306437613862
37393739343639333132656335376330343964633033646437653866643933303462396265333232
33333466613961663831366531363264306666666365313564666238666262656538366432316639
64643138353835633630623736363437353866363131613630323139383765383539323334326335
36623539343265386130323365343134616434303137373436626534626661383966636535333566
37353766346365313630666132376434643061396337383163343638343261383732343033343263
34316232663165343337396332636538343834396264303763303038346461613463366431633733
63626336613336646531623235383866643338303463616530383436373334666265323930643264
64323264653861373631393437353935313932653366616333623130336262646538383238646163
32396561396561396165303364333739636538656539633164333261643863616364633931653965
34323663363265383665353763386364666634643061333337383337343338643064336161333937
33356630393435663561376562306632323733346165343464373461333334323965633739393934
65353336653139373130313935643661363931663133383562316638663438346163383532353132
30363638346266383332653837356135663131663135306666323531306563656636656334343034
35313637393465333735386535633737336630396235636661363836343435616337643034393530
31613935616336373539376364653164303732346431353564346233363232336433333861353433
61666433396566346436383665646566333432313338633264313363383738303330646236313931
30396361633261303461316265396466303630653962616232366639353761343139313833653739
30333136303236623665663062636166353132353539326363633731663062383834313533653533
65616136393933626134316434373762656337653533366163623264383332666132323864663631
35313766356432346436373334643732626633303031656632666333333866343937313966386130
63636331336466306534303332663662313665326637653664393737366337633765363330313933
66616238363139353361373634306138316362303266356661373866623838373063653531353230
36383732343037396635613035323662323237646562633231343435323565323439313030363533
33303562646662386466353439373032366665396330326537303433643133303137316165316231
35613036303433396438343061656664316334363062356138363862393737613931663763666361
30366263303530306562333261333066346338326463343632313966376636333030396637333137
30353261363331313632653737303064366630653061323536643065336662333466343132636361
62373666353438653638623366636331636235643237666462633330303661326166343363626565
64316463356361363266363365613265653066386134323330653963663030656264316533363336
32316632323662323034393763316435623764343435336662363331323035383338633438623331
37633632336462303839323034303066326335386163663334313031353034346636663865373361
38376134326664303030323334356139313935353564623666313938363630616633626161366362
66333366303163363136353036653163623864653035333663366638366663363032653763343830
64343238356337623931636135613935396465353634323134643733386138313763663964383662
66636665663963356430373637303731613632356463616539636566363738633135636637633537
37616164623033613231323532633030363735326566386164663530666232626237323032663166
36353838363839613066616331353137353962343934623333353264656562313466316465366232
62343034383639396131353538643830613161653663343063366666643932393633643733333239
62616462666663346633653431643439346331343533393531613134353065633638663437643865
36636432316163633335643435643630383630386538343261613265653239623536663366666265
31316465363634333962616339323766353762363238623231353962376334303765353461316238
34646231386131616537643130623136663830326564633162313637386261666562373535636430
61643639326635313433613336353131623565376134303365306462343635663332316666386439
31336133386635343865613936313932303539623965346333633335363435646530366163363936
37343235346131353762373164373632356630663061303162343035393732323032633032353965
31303731326165396135323436636338363465353031393934313864396331633932383563343763
32663133396364373935396532653637393962333362316232323135643465356331356535356163
61313931386330356534353333306464656530333032333838353964393039636263336636653437
65303732623032353662663437653066386161376565396338636532393561386431636130643264
61323630616336346464393063393462633062373139366434626264333963653236393062363464
38313533353864626561393835313834366639323464356532333732343536343866306161626464
61393964373439616439386137663732393133323837343538373966646661643135643465346438
63323638666638383965373632366166393832346363336534363231353339373664366362303533
64343262316335383866353261393438346433626264646436343234663364616463323563333537
34646362666161396462356564396663626534646163666430656538303039626636643231663164
65343665383138393430323131386162613331343637663339333964313036363939353634326566
38663638343861376232373036633866346135643661346634613830386333376363366238353436
65623765633261363537656532363635386439633633393664376538336531646466616561656561
61626666333432346264626466326236303666393630373564393765633030653035306561383864
34313932373264633462623538666261353239616236393561313837613433353537343564636538
33613566376266313839373737303733656237653933643539356335316636333362366565656532
66653661643131633030646237666564363734393861346437613137376536633866303939633831
37643366363638323134633530313664386630613464663766373532353164313637323736303336
30656266323138393535383633323263313730323762316161333535646335366664373637396165
30633931373466656134313435613862323935633339653566336461616135316462653361343634
38613334356438323839626332663339356634396530636632613466396633343462323135313066
31356430353636323235303130346334376633636231303966653661616663626238656533316164
36396232646135366339393061643563626437636336366231316339636463316266626334623138
38313963356530653463323661363139313433613665383436346332663963376263353632663138
39623639623966336230356130643438316435636263306266623636316139353332393437333233
64633161356539643934656231303763343463343565633233623233633631633531653230663131
63663861623433376330383466633031393030616166393763373237663834646364383138356464
37326164616665303837343765303438373130306563373763616165393036623732313031666538
62313933353539633933626230623436383635333462306661366266376361646537373736363434
64663630653939396235353034653465313337356136336661396430386265306266656561306432
30363863663437323236663561306164623361353339366437306634666133663039636631386133
32303630636333353032343238653861326163623634656430666637333762653464306564393630
61303037636137656465336363393365326231313930303762383030353533353063626333656331
63363562613533633938653931363537623137343464356430303666626164356231353737326465
34666434313739386636326233333639636564623364326631376566663066313563346333376234
39373235626338623465373039643437393764333635663835326365363634386638313538643934
33396335366164636663613862663639653833633734663337393533393736656636303161363166
61653335383438363335613235373666346162626561363266663533393433313539356330363736
65323036356234393030393831396164613835626361326664636536363364666535623934376430
38363165343237666463636235336131316631643537383933343461343035353132316461326239
34613365393462616139303261373039333439316233386637353034613939373032653564663732
32323437343937623130383735343834316533396131363766306564613937663338326564656166
37333465333731393536343665666666613238613130646264353833353365343536323934663539
33633734646363306564333631343735356163333632653735356332376562623336306566313464
32633564366134663562663337343031656436633936616238373864633633393637
