$ANSIBLE_VAULT;1.1;AES256
35626361623766326631626534303434336430333765323932633839343964633837626339383434
3365646336326532643538663262323130343732653737610a316461343131393336336365353665
66643265363765633732643431383262633935346233363163643863363739323931383039363538
3462613637653935320a616139633763303935623934656466666263636162636535303836383032
66636539663937333962303739666535656234656439666131643939333536626362623661303165
38633963646464663463366232323336643665333965393533383761356232616665346630663536
35313136366162633438353031623237326462306138623432653637643763313563653032303730
38653633623432393330626331303735373032666535336433333262383034383864396534626139
35663765346139326439636638643264383464616638336538623766613738386438663535346161
36343733646366373563303061303135646237653565376161313631666366666665393165336432
34363436313634646639343832643036363731663162316266303738663937343437363334346436
39313362386462383863376536343234666539353265663437316131363962396238613334303835
31396439633239643832626566303132376163613763343331656236646336623039656434663464
32646135386532636364333731383635303437616362363864353632376331626265386465613937
32346665363431326261303434656265306231626564643966636639376266356539613332383861
37633133643633623562656263653834353538343865616434363939303131343833323565356238
36373461343433363032633566306563306531616561343961393362316265366262393231666237
34656561643132316663373631616431333933373062323539353338353833313336333763623634
63643062366433386133303239623564386466313335626337663735353864303766393733666662
61633666313233373237353963326436366261346137316239346566643561386339376233373436
61316662346135336433326130386530653161613839623138663637663362326236616333623135
31663962323366383466303235376330633439333835306664343439303965346639386662313961
63613162643632386265643463313263393562333863616566346634616661303939333534336632
35376135663136356463333765613531666530633763366331656663336632336263643463343163
6231
