$ANSIBLE_VAULT;1.1;AES256
34306262356538303836666132623465643762363065663434636539646361643264626137333731
6334326663643136353562373736643933376634623832330a616237353766373439623438373462
62623934636664643533356535663039646263393736646261633461393734663931336161343330
3838393763363864660a343330393939306139636132613932616231383235646333306534353331
32323730306637366238616562363336663532646233653339613737663165616233613033383766
62643432333965343630323031366637663664643933663033356562643534623238646566653638
38366434393939613066663032323837616337343932313136376133396636616331336662303333
34323931346364363965313162343732343165633738373066613264656439643837346261333132
36353131346466386136636636336566373539336437383961373863373336333430376230633131
65396233373032393035303961393265656261613334666264373266316363653266396263303638
38653939303666363364373263663465346363386361356561616235656661653665616237343965
37343035363237376637613036316536366538396162373436323462366135303735366463633664
34626337626132323865353833356538663533366133356235663039313838366233396266653335
66656538316262323463316237306361663634313936323837383635346366363936363065356562
61663136326630393632373464396238373634636664343033316262616266353662613732383030
63333737663165356536306335376665316334323866333937396163366335303233663966646139
61343332623430386137616433386234313335393137333237353261663937323232323263376566
30623134393061373134303866303130396161333061373933363434626266383363613161633361
62386665356336353036323464656530616562623737323239346564613934623137366531623064
64333636633637303364663562666131653361383839316366316265306331306530316363363731
66396139326130316431366135343462353036646134666437656563346437393261313663383765
61656439316631376232366235633236653733306234323363303334656136623339653232386232
37313661303839666531346439396566386636626162313061316364383131386631396638393131
63333662383561646463623831646233336139343361306438653736363166373936323561613334
31313030653237633065616433633133623165356234303831376665343837363739336437326336
35353562373430343634616534373562323466373764306661376438383165353466613031666263
30376237653765623965653866623935323035633630343535333631343263376334336563306134
33303331306666646535376236646662353465646663306139393031653834313834336634353230
30396161653038653334643934353266643538343831663935653535303533643861646636316336
61643063373263623466323837303935383461356131643334386538313066613463613966346535
33626337393164646231396430323831393662393066656464383230353234323864306539393136
62393337636531333137393737656536373863626431383830363766653733333631386662613737
36303439643965653339356132306632353035336464303164336435336363323966323633373534
32303564393134376666386530653831343561316639643132326634353735373764313662363631
36343063643461373432633463343664393366363365373765306365373630616239616264336535
36333933376133383664653539633463613562633437316634323161383761346334366263396331
35316139346566313630383563366562306139383465343961653635643837623130613462623261
31643166303737623462356338346362323937313832393964333936303439376539626432656163
37376364343961313735356532376565343663636565353661633662653031623062396237303032
63666435316636636132343337383834386238316531386361306338313339633432666237343235
38623061333861313161333239633766346437306161366664303233353065386337633766366430
33393164333562343363396637303030383763316634393436353763663665623462383030646436
38356639353935653838646564623662336531393835613762343234313565346133313733343038
63363636343366666637373737653835373433663566323762643331333531303833663563346631
31396666393533356437393661653737383537666637373334366331366264343137316335313930
37616261363061366264623662666664363266646564313064646565646263343933636530333832
33646364356465623735373237393033643331316538323734353233353838383136306537323131
33363736316664666162353339623566316537393035313931333565643339613331326536373737
65313265326632383865383535306463343765366437343761343532366234303266623635356530
38616531616536616461656335613166376230303634646639383533666466633266333137393665
38623564393965343537613764303739343562376138303664323933366562313466396661663031
37613232353564386362373466666565623262326437383439653961373431323464643062643035
33333365303031636234623934353935303333346132386538353165366563643630663137616535
65643233376165666662383138623833336366353136326132323534383638636333393639636436
66303262396230646232306664616131363566363362343438373035386464623238616134323333
31343531666461333631303333613733336239346565653363643162626464303437336330656134
38646339383564663465353534623939343035346132666163623463313434316136623164643331
34316436393263616230616263646635343562383839303162343236343431376330626332343730
65633864313961353532393538333963316238646239633764303330633262306231383131333066
63356438333138376561626234303731336562396238653865636266383033353262643433306561
32386636656631313733363632363733346332353266336132633832353366663339376233346632
64633832396238336561383838363037313138333239303561333262303330376162653961343334
30643130343264336661616465306434336530333065393961393736316536303637386132653063
38353235633766323336356335373831636534346339373663376162333834623864636463356261
38363630333133366336353936313463663164326565306261303034666632613732363262643530
39393264396366303331363864336361376565656636626362636634623666626534646234613763
34656133616237316138366434346631623631666237313662623065646134306637363866383435
30323834633035623238313966613762633939653261363233383165343831313062393334616139
33303564323063366530636462336636653938633031393036373765663736633938643637356361
37663966346135646163383766616566643561633538356263346432383466303734316337373766
63633363343932376265663630623032643435663435356438393939616461653434666161306231
39336339346464656334373764383931663931626136313661633761306663383661653061653639
33353564346435613462636538363733393335633939623761623764363232353736316336386333
31366263643739323432303735656136643761653639623935336335373736383863363537366263
35396534643164633834336566663037383131386530323435376432653864663662386562643362
61653364653837626164383632356131303634616534396365303862663030653230386435363265
31316233316135323366623635643136343231313938323662333435663135383134643030633136
34393732636563616437383632336434376562663336623836303139336464383466383362666164
62613635353137613136393934353466656134333637376165623735666434613135636430653433
31373934666561633339613664346136313133643132326465663661613230303633626232303066
36346334666335393266343933313036303231303266633565656361613364366363626561396439
63613136333335353038613661653265383764303736353737303661333037373538323334373331
61323831373130393032643339323865386333626662373239613134346331626263333930633138
64323365316564653136663761646132656562653337373532646462353066643866613532313333
35303961646332343863353365316438343834623232656632363032643064343763366431306633
38336433366165653264623231663135383961336430386633656163613865343735396632323239
33373066316366376230393234633663323036613938623365636339323833633330656431356261
37323265636630343034383738633466393637353536343734343830613065383434323033633266
38653064633134653566363232353636333436366462306630313133376635303762353237396464
30343234306131343266633161396634373136333639323563386465373230336334303234323632
36636234613362663231373564366666313033396662333933363163366365333334376138326331
62656632316635316430653163306263373765663633643336393763396430333736333237393333
33363735636435373230313066663330333434646639643061326264623361376364656366323735
62343064323462613234636433313235386661336366653630303330316363376136616264636364
34383437616233376531383439353530316438393939323166646163333533656236383939333833
61343731656563663565653535633031643133626333656634653436303961383732613038396663
30336238636464626537656137303737386163366436616532643531303664333237343637366363
35326463616661626336636536306633303564323736323162626437333563383032663066316537
30396337353230383830363063626639393130373666643365623333613539613366343933626232
39626430613764366531383035313635636133306562613533313836613633356466656161333339
38646237396631616236323838386132663237663766366266306439313934613734643138316335
64326138313532643763646435323962323361313533396131343632653765666364396466333730
38303762393037633032613461383435656230643030383538353231636564373338383135663533
64373235393063646166333135353332653636363565306139373937663432326331323135323333
33633931366639343839353163373332363330343363346434363564363930326536323831303864
33356237313964363335353830616331316430323136383136356335616136353336643835313335
31363965366633653538343261333564383732373630363536363730393965366233306539303366
36373465666364336661303135663866316634626461663231336331346336653536613034626530
33613264326331373061663237653532343536663062316263646339363039376339393030313036
37363065316137346562363434373137613962323961346664663062333935623261353462633136
32343639386235646334363161326630346230613362653465643434383435323230303131373162
37343138616138636237333964653633353035363434396130386332323736393737613435343866
39366538343236393562353662326663383235373431313832376234333838303636626539656231
65363061393032663739323437396638383731376531363732366138333562366363306564393239
32383565333239626130643034313932656263636363353963626438383237663665396364646662
33346534653331323533333438663034613934303239373934616265356431323663623962643433
39613633633062343531663430623039356237336639626236326366376461353735333762636466
32383539363062316537316237313237646336333336613262623638383235316664353266396462
38323066663065373936313234313130383734353737323830393364663739323431323765393837
36376164366536636338306533636637623937633832396665353039643265366232353739393435
36633736643137323134613731393230653731333134326165656365346465636437633933623939
30386633343631656165386565303966626132643133353763623239373462636239366234633337
31393962653139386438356662623633303462383162663761666336393364643730626139386566
30373564376235386333303335306662336531626466323532336234613766393033336233316333
33356465616466366438636432626163666364316437353963383835613662623466326532343566
38396561663461623634323838303231373464636162373430346465313961356665393936643437
62333730303836313036626638613033353630613138346537346165646134313565343964343838
64616566623166383938333839653231356166386265373766653264663162393366636231346536
61366236613835336531623637333264623164346539613939316633376236643139636264336231
61646435326366323937306166353938303761623630393830326665643737616230386265633966
65346238393166353665323765336264313534646434396562313865356466656131316463653862
62313838643032613166663030626661373335626264646334376366313435393935393230363365
33363662306535663238636630633831613863306462623335353663306133616263366236656230
34653865316563646639626337383664313966343731343432343038353932653434376165653261
34316638643439353264663837623637396465343831306638653635643635396531653634326131
30653164623232383138646330323462616664323337303564633964656238633331356437613866
36356562343839373765356263323265633332633837626364316133316438623164643334366262
36366363643735373232346532646439356334366230623535323238363339623234636639646334
36666265396564313862393864346437613935313034653965326364663233353636393132653262
37323536303263616665363365383966333531383637383363613161633634386537346530633264
35653362343965323966386337396465326563313938383930666362323163343436376336646430
33626265313532306630663662323230373832643864313635393932646161353335346466366463
65386133353130386232373331373838653038626539313636303664643062663433643637663764
39646133356637626265643530373462363965616463386231386366393633633865646161333863
34353032356534643564356532656462653761653535643930656663353338336563316265646563
63623165636366366536326231653637633634633465613835313964326337363836333463613134
35323839366233616436383965363235353262313537663435656364346531313537326438356636
36373330666634343034636131363234626435323937613537636166623639346565656135303039
30343839306137663536326530653634623137633762336136643962323133333836613735363665
63613366313662323963646363666166313231353165366561326465306463343530373366386235
66383763306135343166646164393565383362303966653832343833386433316663346438633663
66626639346135653265613730376331323032383036633138356431663933326335366131333761
66353137666133616662393736303731616631653639383132373638373366643435333364326431
66636131363835363733356364316165663536396433383162373535303166346234353764313037
37396130623262383362656237633566323032383163646336393132633564323161663733613632
33633365373833616333373835356331616163373865333361386666393733306565653264333462
62313036313262383961633438363236383838356239393263323931663961613163363362633037
64373561656535353234623936373234363533616537306634396631656438363833613765346236
66383061386236626333323234623665333432613563633838346135633266376536373662393262
61393432333032633133666234333630323639313434663638616563373839646630383230663364
64663234666332303031376230653139616333613662373161356663643731316230373330366466
34663633323430616562333133383663393934653930373339646530303438316663353330656130
31353064663637363866616135373162616336333534666461346639663862636363393161303364
62396437663466386666373833393531356562323333343366643562313038383738623334626635
34366563636337633535383366383162383361353630373237366330376138343931376566653261
37373533333338383165616333326435383334386539333930363931333437346638323061353662
32616436636561396563306432353131336262363166393832653739396136643633663036316237
63353462353965616134333037393864333461376537653734373531336336663536366432653662
30306163613065636635326164613461383538613061326233303864393733376465633938663230
62356437653739303936303665393939373236306261326635663930396432303134333034313662
30346230356262356338666433316138333038353065373936383137653034643066646665626435
34626531653635376634386162323939336464646664663937376266346239363564613331373732
38633166303932303661326438396265623164653334386663626632383063363832
