$ANSIBLE_VAULT;1.1;AES256
34323432353030643133646231643566666461653839616664616532353332656632643133323633
6363356334326333363662343663646534363837363235620a313162393764306234303862363437
39343033376531356534326662353864666437326361323461386636346436643365306664316631
6332306538386364640a353465343638623438633432376166343539326433396531653139636132
33316466373638666438393032623937383362623466353631383962613235373362306266393063
30653365653632613533373637633164313362356237633465383333623464353464343736313463
38666233383939613361656339646530633833613732336334336663366162366365336237623665
37666436643035333961666565633537303631363635313333363333636461353361356263613866
38373836663230623639366632363833646532633666613264663565343138366439376531616465
38666435373335373035306663356662363034616561343438326634383439623265376636333733
62306366346432646661666337316638376138396563396135373832653334633533346432623162
32626261313533663962666334333431393462313333346663613736373533323337343334366239
35326463663737353639393636633439306534326363323335636532316362663862336434656366
35386335363764643765353630613332363230356234616562663537666635663331626265336537
61646565383437633333376662323331656162383131323331376636303635336530303763313835
36383833376539656662346264333963333963383633306335613064663262613166393936303061
64323265396231306231376536663630653064383766363437373566623933363962343435353234
64303335666636356265376165653634363366626163316564313136306663346332386536303761
33646430356636383863393861366464633563323137653936323363666664336362313333303737
35663533326164663334393836336262643161663431353563363364336466363439383663393663
65316535353736623733333832393834336533316532623262353532396535386636666233623933
37383837666661653831316439396437636132636561663831616236363561306634383262313035
34636138346361623665626266313032313931366238336534633733363333393732313837643331
65613138643536383731633561306338326531613366663230333263376239343365346530393336
33616131663265623436363935343965333437316431313538333738656665333036356463343563
63363638376661666134613336643930313865663133306361313162396363613131626233646466
35306631643931303562663964653265383764646633373234343335663163643936306566333064
37383037383039353962643739383836383734386164663562646161383164373462336231663061
34666166336439333533383563306530646365383832373763663931653438626332346566636662
65343637643261323137616433313263643536303139626431653832316234393332633832333264
34663835303332313536333738363932356432313036646162383933316564363030396436646530
30353465646361303865343362663564646263653633373333623137356365626333343563383865
64636238353838643161346535653165333462643961663430626364366464376634316562353539
34353833363531616337333966333062363238383034663166326164333061386432333462326139
31646566323939316339396361636434633837313331633463323432326435643436643136303964
38303565316462303166643534363136393164366332343937663637303733643931383764353666
33636237636461633430623839326130663337376133343430356531613461313033373365626132
37373463343832366262316630303033643035623731643337623033653062656439623964653637
31316337356534353436663731646237376462663430376564616230346364353565633264313964
39643734313363363630653439336532316335303963633566666363316638646136333436336461
38383532363931613431313262656161353639333136366565396532626462323431343236643033
34363531383235663063653265656366623061333236373331386362333632313836356133613962
39386265356434643332323763303031303335393239373865626435656338383264336538383936
39326438356235623633336538373738653866663366633131653735633532306435333966646162
63376663616636336339616632646637366537616638643732353366393733633337316436616636
31656538356231383830393364303839383031363339643166653330303565613364623364333237
39336134323765653933303437326136323039636139323937343566333932333236316533353263
33333530653730663238366263386561303637613038363635386139646164353664383837343965
64613366323537393834323137633730386565626464323832313566623765663335343562643763
35623438356330633530306133393632663539373933373962363139313061373136646139343266
37366164633663326132623638623838643563303065343138323132323862663435643833346330
37643864306335306234336234646661303532613030643436666464363437303566376534303630
66376564313965363232336332353639616265663266666366323734633936366337343535336234
61393131633664646266623930373236346161343764366164343237373565303964613336353036
63303862616231313430393364396565313334393264336432316130336430333166353261303364
61656230386362356266623432613133656263343331316633393538326164343839343363636631
37333130393038336134356566313565643133383962366535363137613135663563376439383135
32313462613332653764383430306466623131306336313264646538666230366561363661363530
31366133376534396266356663326162613535646338386665633133613864376431393739646664
61663730363165326432633837613264393237663135653061383638383532373834353235393537
63356530656435366465306638613332653236613632663761373165303337666138646339663837
31663662346361333337326364323731613635363362636564333662633433333063623762366238
62393265363930653731613066646535633063616566393365316463626662313664343933326435
66303338353563313164633930313034396233353764373539396331613932333536306136636161
65306163333138383864383438393461393462356236616537613935653363333437353232383066
65366532343065666365663839613738663133666436303532646436643266386532343637663630
30376562333630653466643836656364353136363862663339316632663130626564666131306233
39376639393530666234373237353239646163666137616264316664333465366366623461613566
31613739373138353139646361313134376638373837393461343833313732626333363234366136
36656366366435383031646137636237376637383830366337356530396364363331316332333835
30336332613031343761306539613337353230396633376663646232663262633639653862393037
65343937346639323330656135613665633338393762373466636433333262333236363464663034
38616633626131656164666462353833616539393835666139653533623363356234303264653339
34313736383137376461353063646537663936613631346439656565326336303736376631303236
33363831633965386633323938376264353131306262646333386461343335326233396230643764
37636230666638623661393933383036646131636535633535653231626434336363313231393330
63333937633437393263663037313364383634313132616364373635383965363431393036613265
30386339333039373634643261303031376532306435633937393932356663353831643534386632
66393363343666333366346333613134636336396137343461373738326334366230636262346439
33633966666164656462353734626661653237306534353931373639393639306566303937376532
66356265323438333531383764313831663334363030663966626330386661353131643236306666
62363538393866303863666161336337333962383938613761623136323831656263333132396262
64386635613763336636653939373334353736356237333336313563383933353630333631623332
62383062656663326263663666373934336462376338333936356261383230303537613963383838
32303566613733386330383832626664343032376538323030323232653736663332643939396361
38313438306539306431386235666366346537396566363034326431363837353631343338656264
38656330633364393365626665383339653538636531663930633739363338316261643565633166
33623932633436633861366561623730653334316436666366316134343730653132663262376365
30653966323665313138636438363533383566366462636639303838393437653133646535373139
31633964376331396562373338643439653236623864346433396235383838623464336132613037
39636336366237376336373839646234316135383661376661396364386261393064306466363436
62363539306664313234333537343961653637383336636332643030323836343261656632623936
35653462366635333963343964363336656234373737323439373764396162663835623831653631
30306433316263303135316330623438343837386533333732323138623665373732383866656139
39623534373461373037666630366361346264346163356331333234306361313063393638393536
37373233663261386633333235663662636133643136666530626666643930353432666236323339
61646332353636393237303733346332333230653138393464663235353764383030663663613962
34376361383731373139366433356135353863343066623230323762326461333034326564636363
65393965393566383238353934346266616261636666313531653161633039383965373532356262
33376634636434643832376261303236333934633734393562326563356166303462623839626536
30313633326237306565663064353137653630653664636263313433373134323662373635383965
62353639396265376134303933373165346365653861646462643762656561636537383334366436
36316538396639383937326465633333636435663739396139386165396635666339353531343365
30313436333232316232633734636364353430636537666261353431663738326437613734663831
36376332313366396530323431363534326262313931646461656461396565376333613932333361
31356134623134666433363234323166313065646434323937383663396336626539633264623234
33343765323362653435666563366563373361393533383538626638383236663135323437616134
33336563323434336137323139656237663138656634646664306265333436383461336230353438
32346266643537366664393563303536663737633335316666643463643536613464363064646366
36373563336261373830306564633833376639323731383436363033343336346134613735353037
39333364353036316437383830316161313665363864306638666430323166353661343837353234
61373933383137613830386339333530383961623665313661613665303732653432393864373430
33623930646430626163623666333963643064313466303364313038313862326465636138306337
66333934663463303237313335323335323438626235623231336665383661333562626562663739
30363936353938653966393731386661333430323866616631643830666663653162656363363164
62363665366433663339323330363233613233383464376461333932346462663764303638323864
61323139346139646262323364666637396430633433643865343764666636333766656631366466
31313165646438356638626362393139646435633265323965633937396532356438373233346434
34323363306535323961353835326236663832303434333862323738656334643036313632633164
31306539653434643565386239663139656638613066636331303530313137333266363264626461
66363638636161373034383734633861333461373366666264663839313939623036393162366263
62343066633938353634336565363332666235353636666638636261623065636361386136366463
65343337363865316232636330396666646534303163656330623862376236333261656361343361
63663533383531656438656136623764633131306661396532383639336665336532333063633963
34626434613032383431663966613936303662646237376365363233643739343961383532613563
31306263383530316466373435383863393230346536333331313031643139616162656166313838
62323765346665653730633862663061616261326230373530306639306232386136333363663366
35656639613135383566303832663764616536653165353337323066306430383766346331643637
65373635356663323339626230643365353634616466373932623630643866373238393632643735
31663365313165363262343132656435656432633764633635383464626439393838383236303835
30633538346430626266313730663066383563363534373836343264656165616263626130333966
30316533616266316662373637636365343531386661306430653261643330376536386335323135
30323738356335393661336534353632346430383230626639333531386537373066626466643762
66383930633739336534396165656263383066313963643232313639656434656337333063626430
37333063346266646336616262343562366563356663336631356661383130646561366361333832
36313838666632633331643362346130666665393432366666646262363266363736313235626532
34383462303564386333313936653864363239666137396464646639636136393935363238393166
36356535303563326333616566333538616263333761323938356139633334626630663535393732
39346366643539393637333033323430373430663066333065336663386232646436336136663233
62666537643932346434626263306331336135616366303931623833643835653364663661313234
62326463373032393034333937393838663339643133313332333235323638306231353731633834
36613336623537363937373462336138653065346137363265646139653761323666313930373038
62373731663334303835376635346464353263626436383632616530333464333534386530306362
39376265393330393566323161623466373430343561356365376436613232313833383230356365
30353334336137336635353637326634386665663138303834323465326436666233376132633666
35333266316339353062333734643837633639626462616632333537323864623938303034363738
36383734653563663334363230383862393136616234613862353039366263633734343961306465
31626537623537356435333031663233373132636630663537383362393864616338343765356561
34643033613034616336303335646463356262313434376135386166396263363739646361613261
64376632616363383764336135616463653339623431383637656466636332326231363465656661
66383030303330313833663638316136616538303739303833303661663261393038613839316234
66333165643333383463626133613061393039316639333434633966343766326562613964653361
33656464393433663132366561626165666436313966623461636262366335653532646262626335
34316163313934313138656234383563376331663636626432613462333962623461656365353161
37616265333736623466643338386265623537366462623662613963366165393239666439303634
33666233386134303833346661643962626366336566363031643731643164323562653134353662
64666135346139656563653132393536323935366437366339363966343230366533366332656234
30616132393338323964393231353631653738306235346330333636626333306634656165626534
39396264306663613963333733666631613735343863636636663862333535623235383265626332
65663930373164623433633663303830303339633462636365653761323133313763666336633534
38363032613930386433393131306137306364383765336466343938353932353633326236366638
32363466383032393532303837633730363135386365313662396161633561333635613761323231
61623237666163663332303431336434333966363761633131626238613961393132326266323833
65313665343333326162316638306432663961663436383937643237356433396335663361396337
63373433373566303563656136313562333964643037363238333030383464646437303130393332
64633431373536666263386461636161303731316636653862376331656164643538313635356163
30353462363437353336323131376162356362366437643437356632323132313632633633333533
61346233333037303836356636393138666338643430613663306635383739313164613934663034
36343762393330373263353939616433306232393436333338616637363934376133323531623436
30373066646233613737383538633961313462333337313535653331336231616663333538643232
30333565396366656431386638386564666261313065363934376132363339333138666431346665
33376632386564393864363631393362663638363861623736386462666234376536333032626333
65363463623866366639326530646635376132663762663464383733613936613030
