$ANSIBLE_VAULT;1.1;AES256
34376664306632303435616138626530646634373363663631353061393130653838633137656562
3439393361346262396465303538396435333265313636630a653262633439633236643938386266
62636261346435303733643066353938623138616662343731643734663165613731323231343061
3133376434656666390a666333383936376537366231613636316161363635353964333733373861
32313030313862616264366262386632616537323662626634653337636139393463373038336466
38306637373635333938343731653165353332363335623139366238386262663864373138323662
66633332393664323530323437666638363261623138343537643238393735653139316365383161
36336139353362653231343062363432633463666233376638376262316630653539383335326634
66366330626666363863623535353733666462666262323033363762346464313962663962666466
30353635346138306139633964383738353234323032353239623936326238386330316331623631
31623231656532303064353865356262306531373033636433353563633762363562373961303038
65346163303465653238616361316464393432383234643266376663613035343866313334323635
62643831636237623835636431346366646235386431653566323639626132366661643766366536
30666662343665353739366338343766313163363337333133316563393530613939346362353061
32383365643631323932373164346164373631663031363535323563646535656361346430346434
34356430376366323737313462643264363131646531313164373031393164306330353538656161
37393730653137643933653139643062343230663561656130613831663035356362653233343264
39393563643334613161323638376163396162613363653636383165393539386164313762623764
35623237643165643733396566633462306566306433316539373139303330366439643432623939
36616266343934643030373634343032383466636335623737336538366536376536633164313066
35343330616133623537613465623962306439303637326362626230326632656533313035666264
63623565646331623331333361383834333234346465653765633566336362306233303532346464
31363533333862323031376466613835396432336635396534636461623836343231323034313065
31376633626631663031353266373138366430393563633364653634666530346666613065643237
37356133633063306438383831383131346262353261633735396166613737396135643562653530
32343932306161373262336230343834383036633637643831653934393339366335343339643961
64323732333739616631363566313836336164343763623031633666333366386635386436646261
37376330613734663735626565366164373638313363333732376463316339303931393665643664
33616362636637353639353766386135653463376663343838343464363133343230373830313562
65323661343066393563363936666137666635653930616664386133636635623235376136306164
65333164633265393439633231643934326331333066656534356233663363643336616666663336
31333666616633353233643565333335313539356535313639396431353736623835353463646566
33356163613132613161306633633462656236366539663539646363663863333039353562646532
37346266343665383161343965393662643135356639396338333466343834363937336531343433
63353737633533316362356465663566326235313738336130336431663165306566393033346631
32656663656261363137393130313066643463616666623361353337343761646434353866616539
62303530633930333766353835646561363466646133653339666661643538323733393361613738
34666634666633333163643835343832646533313730323863313561383162316661356430663235
32613835346561363765343163383761333566663432653437333237666535333235633431633235
63336335613736303763353337383738343564376233383935656137376166366566333339383232
66313564383661633733346438636136323131336361333966376164363731396138623261666634
65376338616639383137316538383938316635613034313461326537386435623662623339353337
64623866353432636362626166306431393334613633346234663766363963373435343162383861
64623937656230363137393532623566343036356639393438633265316331343564393839666661
66323064373235623034656563383238333661656334313334656435643631393538303334613166
37323564366534656165643562303837646134373266633066343233313032653730623533306437
36373663623131663066313966313934666130393464343864323439313634316637356663373461
36336461303162366632336365666436306231313866633764613364386431616235626261396561
61343631386338386462393531303635653431396236383365616630313563626137613666353865
39316333316366386330353463613236336162646265313861336632333566333238373735303531
36326563346163383062353166666166373535613839343430376464633362313836306630616632
64356662303633663862326264323630363539653366613038613765373565376561636164646363
31376237373836336662633861303264373830326532396634653536663135383333653232316338
38316439663930626333633938393736383965383263663131626162356335386462653634623162
34363536336561326539333739613038336538643139653338623066303535313766336531656563
32316437633765636264303563346661323934343165656338343532303265666465306261663536
38626237396662383931633736613966306664323932393335653539333430353466356634636438
36653232363734333465653161383064363637623932373132366533616263353739373437633835
33363233613035316238313231396432353139323862373963383033643534666561353066303838
66656534626266313462343764343335306363343838653461633865663664323030306366336461
61313132663461623936303561623936393139393363626463653236313832653164313763333032
31363165633962333465346636386463323730626361346462383363666333383562343064326534
64633033333862626534633161616633383337653830336361383337326436356534666466653637
32643032386232333537383934336366346339303339326138306162383330386161633533343836
34666665343564623064383764373437326232313531653266336261373533666639333865326330
33303334343133376666363639336130386664306562653561663235326336303666313861353636
62663066343166326339616135626334353836626265363832376165383065386262336165386131
34633834303261613636373566636265303233643039336230633264303134313666343433306430
33663831373032353763326630333238623131616630646566653236623462333330356337396339
38326331373737626330363238373230646666353734353836393963313765636566663431346637
32336331626661333763393237613535336365636461333732393666633335373530666235313835
36636433373366643633616135303065613439663563386234366637353661326365303962333630
62373164653565316533333032653631613933393634613765666533666230303665653937306438
63333234326665313731336339666333343635306264353863613663663833313530613763343163
31663761666161613739363036623531613831306162303233313763313634303737653036356565
61643631326236316431653432376366643536346332306236343263323039393033633065313533
65633332383964616338623131626461346139616336363439636438633066356639313965336662
31303030363364326432663436313263616161646364326465653732306332383164343263353639
32663531363161396635343365373235333034303335343234383337333933366638663833636332
30376264646537663933643435306632336234343262646232386435346461663664306136343966
30636161306463623035306631303634653239336262353734666633636233373838383134333964
37343936616336616630646430393734343065366133613862663065663333333466343563383133
63653933353633616663366263303438366635333039653831316539353239396236336230393933
35383530343633643631613366303930353935323234613036306632353962353233316363333863
34313439373336306564336337383232383535313339623236323530346332333831363462306439
32356361303934613237623266313337646233636336323332393038643137646331356631306664
32333133633233666234323433333661366131323336353937653664633038666637383564636336
63636266313765303061
