$ANSIBLE_VAULT;1.1;AES256
34326466313365363666366337626338643230393631633161326636363639623465323664313462
3835626631356363383436386637323530323238656330630a386665613439616535616165366231
33646530366339643130633336643535346463386239323633626162313130356365363731626235
3937326566333166620a373132333637303361613464393564343463333835323233643565336232
66366238333862643563316130393265393466323434313133646361356630323665373635323533
31623832616566393163386437366532363937303431636236376236626639373466656638343131
33343163343138643135343864383631623036393163643465383664393830366638336633633461
63343264643466323434303664333937653530653639346163383366313836643065653734393664
35623937653431336165303165366161303534343337643262663230653766313230663734633039
65613337346362336537303833353835656333303430343232653837326461373532613263353262
38666364313765616339336362343761656437313138313632396636666461326635353566333032
32363437656163363433346566653339626338363536383833663966633561613864323631333339
33393831386166616133613234646636643334623830613363636431373961353339323533346365
32373433376437626231336464366633643961356330363165323235343931373334393732303837
61356238623236306530353031366561303062666563653533626337353736373834626136333430
38636535333631396564323638313862396236346435393130626438616563626662393463663134
62623166363838386137623763303964666565343536356463383830343530393333356466383432
37393536323639643837343136613933366265313534396330323730633436316530396362343162
61353638383733393137373535353832633839313534653533353237353131326465316361663861
35386565333731313363383563376339343037616535316164656233346333653966616462396535
35333261646238633031666638633764303664353336386262323765396564336534666366633438
62623764623130343564383935636232653938356663333830623137616334663630303939616461
62613563343464626565616161346231323934633662383230613635333961313033643533343431
38616664316266313266336432343334326464373738366530656366353839383236356663333030
35653438346432383264663766306234643339646337393530363831373631333336
