$ANSIBLE_VAULT;1.1;AES256
31313438366638356139363963313433356463623161366538623863306335373039666566613536
3963616261376234306363613937613261653235663930330a373633643438666663333336356666
39383562656233623463656132343064313937653532393865306139613030666466386363343733
6466393339646465650a373763336632626637373063653036363336373066353362323937336466
33623832303439366439636235366631666566356630636130643935656631646365646663653838
35656332333032646635373738396665636234363663666135313461303439326431306263313733
64336261643531336165366638313737313636613938363665303137663239346265393566383565
62633563356431616563336637303730383663303930323461303333396565626631643737343162
31353565343734343738353062316665363961373637643735373662353339616330666462303437
35636138373763313336386361336136653161643632343363646630303162646538613432396265
65333437623732653164636337613730653937313363333537616433323531613634393263373336
32336332646130323363633134343835663662313964353931633334653736393166373339623036
36646661383366353231313135336166316166626662626461343264346239396533343336343962
62376466626232386132343263366537626362636332306566373134313636336331386633306134
34323433663538343466336639666333396566626365383465653431663565353165313364636537
38613064336233643637383331333830346635366666336562353662336563616665363136643732
30666533643564383666333236323936653362326364643866386134626335366131346439363263
62363531356534373630633566656237326533363166623037386466666162633535396666346365
66616364363264623538336361396335303766306634343337313664653864356537636562656637
31646632313664383038313039663730366634363130633232346432346636623764616564333132
39363465323530326263616137343966653839386366396238633561626364663166626564623735
66663430373837303137326665616462313239343031663339323837626637386431316264636337
64396130616239303839396437663165376463376539616666653033666636316461333062373865
32363437633165623730343134646137343135383035373836353861343530653136366363623930
36393037666363326565666364393861646161363535383535356134623766613330363333353435
63386133313265316566633330626665366537653362633263633061656634636164333863663337
61343137393061306231643934663230653562313636363564386332383462313837306231386363
34303837356436626633613466663131303431383639363035623030326664376462313961613634
31326135333931333235303332653062316435363232613730383431663539333438343564346130
37346236386332376365313339376365616338386238373834666264303165363338353030373566
30323265366536613737396336376162633761646437396133373561633737646535303963373131
38616631343962623430363638353130623138643433393335316331633835323936656437626236
62343132363261323161383236303665386363323339313930356232346263343634373064656365
66336135393665666131366331636362303237343933313661366666386431643131663066336235
34313835616662666266643564343431356337393531663138633433313164636131353735393364
63396562306336653338633865633739643032366666373761326337336464623164613833326561
63353061346161646431353732656434613636323363346530656635653366663632616632383461
62646633313832393765633262616439646361373563343837313239366539386462393239356564
61353932323938323133393563313636383836333033653465366164646630346564396266636430
36666138643038356130633137656236393435306237623861646263346666376162353065373536
38396633623064666463323537363230366437323836323032326562653663653062656239363130
31303663336635313565303362623662363738393932393436393336363838373838313036356535
32343136383135643234663532643332633461376564623038653430396266323666353033656433
32313436386264326536323236353034363335613035323730623239343832333237626231646663
37626138343965636466623334616636653262356138613339633363356530643035373765333933
62613130326266633931663261316232303465336131653664396463616632363830623030343334
66343232656333343430323338363336333539386665393764393133643762663964663838613063
31313138383064616536386431643566653434363063323964393135303938393437646237373532
39613632326364396237373062623262386535316132326536653565343633333237633066333232
37623464663533383964333430613035393033636133666136303962393836303062366331346534
66623037363033613166363334663362373666373631613062663564316465366435303233386134
35643631343164663464313563646536656363656361303663613361653030386165636661376532
32373434363231346536613633643035656162663533646132363139313833613939316637353262
64383962636237316331333130616436633636656263376366333263613130373461626534303630
36326361666334633638373461336565363736316165623331396533643932653839653036613438
39313664663937646664623066663538313438643638653634643837353234663363663761373137
63336330353432646332303536323634333238326133643165613037383263353139376235613933
33353835353633653934376238616561393633643231613438643366656638373836346130333561
32656332356436303430356134666439633066383866363036303531373733336661666633323131
63326666363932633531346433373933326366333635303732636635653234663462353436356563
36373931386433623130653661323331646439353564373134653633316138373665323139613737
37643835346335653238633662396435356564303965356133613831633530323630393235636434
31393037313539616139346131643333616138356437653062306334343939363234383239626132
35653662363239643337386635333836633566373366386134306233386664663535303963383564
65613165633933363631363332353636333031306436316334393438313431346635613361613636
31356232363062633036393634616239663761386461323538633863363534623530313962646434
38326463346138343964633839646636613234356562363066663837623330363965393864346437
39613939636237383437396466323336383866353830356561333737303339623231316466313163
31666264383934386232613331613131653964393661313230326664323638303633326163636138
61626433313966373433303464363666386430623136616163343830336232303436396364323234
30663337646633346666666334326638336636316238323362303633663835323635313064646166
32646636353864343238393933316336623566383933323561303435656336363631363165633031
32303761396132633937613338306433623330326132623932613136306565626230343532353561
33343166353537633363656465323936346538373936363233623336393035333834303833366538
36333433313933653537306661343533623731386663623332303835646463353230643931643539
39336430643562616135363665643565303033303933373063643564633737386464333830613737
32636230303665386137666433366437623035343764393436363764356162383332646338356631
62353564386634626631306365316464646236373833313764663032353231323732316437303339
34656137653364306162616661383437363664303833666363393931326533653761323361353030
35373636386239613235363162616464653135386236613339653434373461386661303035336231
65306331386632356261623734643961336631353063613461303239633832393736303033396263
65346331356263383661353165653235313735626333386430353439376337623438633137366632
38636538373332613662656164386666653732633335383130373134646666346262343761613037
63376463616437333465383661613137356561323537343563396236326363373935326262323863
63326130346433653338636135316366383165326138373638303337313636663239313561363130
32663439366337653031303561346262333538646264663831303535653963643666643236343833
62343434376261303263363839356137363134613130366637346265663064376632653331366265
37346136613734313939663439323834393439633539333634376362653830333665633064306637
66373661366231663865353663356266636135613466366664386237383936376133346632386163
33333966376530303638666534343236396436376238393836353734376464613537333961313936
64633637643466356239393166306465313233616137353432616636363237343933646465656364
31336464616439306361303436653065623266636332646239346630356366316162623465633064
34616563396138373337333665393730633737623562316338396638306662356435646164356432
34653830333339373532366632383537333737303731396339373865616363653964656436616534
66623066313332393236333532303030343130623966626531383362303835363865396564373631
65613861643236313830393231666339656539373535383564326164656130343733363361313330
31623563663735646139376261376236633966656362386535306261386464323633363361366363
64303630326437333662373937666164353637656662333261336430333232633934366561383063
65363238623738346437333734666164363263643337386537383431336330356432393239313333
37303331316561653230333437313235366266646531663662346137613036353862663338636336
65343066336132363064636236656363343931313933316332323231343266353535356632633035
61383963353862383139313536333932666232633261373664303031653332336362343233613232
33393837623135353137373539303939363432376163663538646266353138626563303939333933
63346365336632623664353561653637363133663265386165613931613564626639363938663030
66383736363635376634396537643166303561626534313563393830363164643733623661626165
34653036616261626566396162323366623938623834343632323461353764626235653364313737
64613037613666613431636235373036333236663231363236363265313638613061356530623230
37323737383963623363386461346236666338653362373536646232373039303539616633336233
36366362303933313864386138363034306136383566643339613435373362313235613939323339
65303338663935313439333863636132653266653361646235323963383930653632353563373863
32613263363938373830656339336636313531396565316561383934383362323837366337373063
65366132626237383965396436386630646234393066353763313864303863663438316262316639
63326638383334643332346566373932326134336662343437333563376131623335346566336435
36373361313237616330643765303466363831656466343130306238383339343066303632396532
35306436613835613736313136626238303536366433333263643230616437313965316136633464
31663365656238303861643531666239613632353139346161346532373863336464356432366663
64326161646131356166643433316134376331353734386637613161316366306136343865393963
38316330613462616636653762656538643739363736323164353962383466316265356337653337
34326238616332326563333638383630633839666632626239313332363261623737633838373236
30316231333036623431343935396162323861326434393933393039353037633633373038343931
36643161333037313730666561346535323263666266366638346165336462396661316335383537
33303537376133383331343266323538643635353533353265316166396539346538663536653665
61323936623263653636636231303031306261366530346139623237393836396135343231616537
35633732333935633338623263663637366533663732376663633434653238653163616433303565
33356439313535316432643765623432653531626432323239393333323462656430346132633937
61623866303663306162343738613834323030373538623130663137336565376232393131336661
39356465666465366433313330383938333239343265303434323064316662616562616330343666
39666337326630336636316464343363616465636563633232316330333132366439663366313333
34333033613433333735613465633265333332316438386231383330313539643566623661343832
39353164643463663137313165616234656239643366393636363034336235323338653364643665
64653965386566303336353362616634643339373032613963393537346465373462626661393761
63306136303633386137616466643461306161666638373963343035366435353061313738646661
35396464316135346632353833353635666266346162323234393739666239326333336562313061
61613664643165313335353836386631613461643631386331623736636436646162386631613666
663035316132313762623434306466366634
